0 2 14 2 0 2 5 0 16 0 0 23 2 6 0 10 0 17 14 12 5 0 0 0 0 0 0 4 0 0 0 0 
0 0 0 0 0 0 0 0 0 0 0 0 0 0 2 0 0 3 0 0 6 0 0 0 0 0 0 0 0 0 0 0 
0 0 18 0 12 0 0 4 10 0 0 0 0 0 0 0 0 0 0 0 0 0 0 0 0 0 0 0 0 0 0 0 
2 0 0 4 0 0 0 0 0 0 0 0 0 0 2 0 0 0 0 0 0 0 0 0 0 0 0 0 0 0 0 0 
36 0 0 9 15 0 0 0 4 0 0 15 7 14 0 0 0 24 56 6 0 0 2 0 13 0 0 0 0 7 0 0 
0 0 0 0 5 18 0 0 0 0 0 0 0 0 0 0 0 2 0 0 0 0 0 0 0 0 0 0 0 0 0 0 
0 0 0 0 8 0 9 4 4 0 0 0 0 0 0 0 0 0 2 0 4 0 3 0 0 0 0 0 0 0 0 0 
0 0 0 0 11 0 0 0 2 0 0 0 0 0 6 0 0 2 2 6 0 0 0 0 0 0 0 0 0 0 0 0 
0 0 6 2 10 2 8 0 0 0 0 2 4 4 0 2 0 0 8 28 0 0 0 0 0 2 0 0 0 0 0 0 
0 0 0 0 0 0 0 0 0 0 0 0 0 0 0 0 0 0 0 0 0 0 0 0 0 0 0 0 0 0 0 0 
0 0 0 0 6 0 0 0 0 0 2 0 0 0 0 0 0 0 4 0 0 0 0 0 0 0 0 0 0 0 0 0 
0 0 2 0 12 0 0 0 4 0 0 53 0 0 2 0 0 0 4 0 0 0 0 0 0 0 0 0 0 0 0 0 
0 4 0 0 12 0 0 0 0 0 0 0 29 0 0 4 0 0 0 0 0 0 0 0 0 0 0 0 0 4 0 0 
0 0 0 4 31 0 0 0 4 0 0 0 0 16 0 0 0 0 6 3 6 0 0 0 0 0 0 4 0 35 0 0 
4 0 2 0 2 14 0 0 4 0 0 12 19 5 29 9 0 13 4 16 12 0 0 0 0 0 0 4 0 11 0 0 
0 0 0 0 4 0 0 2 2 0 0 4 0 0 0 27 0 4 0 2 0 0 0 0 0 0 0 0 0 0 0 0 
0 0 0 0 0 0 0 0 0 0 0 0 0 0 0 0 0 0 0 0 0 0 0 0 0 0 0 0 0 0 0 0 
16 0 0 0 30 0 0 2 17 0 0 0 0 8 4 0 0 44 11 2 0 0 0 0 4 0 0 0 0 7 0 0 
4 0 2 0 18 0 0 20 8 0 0 0 0 0 2 0 0 0 34 7 3 0 0 0 0 0 0 0 0 0 0 0 
0 0 0 0 25 0 0 2 4 0 0 2 0 0 23 0 0 0 10 29 0 0 8 0 0 0 0 0 0 32 0 0 
4 0 8 2 0 0 0 0 0 0 0 9 0 2 0 6 0 25 0 6 0 0 0 0 0 0 0 0 0 0 0 0 
0 0 0 0 8 0 0 0 0 0 0 0 0 0 0 0 0 0 0 0 0 0 0 0 0 0 0 0 0 0 0 0 
0 0 0 0 2 0 0 31 0 0 6 0 0 0 0 0 0 0 0 0 0 0 0 0 0 0 0 0 0 0 0 0 
0 0 0 0 0 0 0 2 0 0 0 0 0 0 0 0 0 0 0 0 0 0 0 0 0 0 0 0 0 0 0 0 
6 0 0 0 4 0 0 0 0 0 0 0 4 0 0 0 0 0 5 0 0 0 0 0 0 0 0 2 0 2 0 0 
0 0 0 0 2 0 0 0 0 0 0 0 0 0 0 0 0 0 0 0 0 0 0 0 0 2 0 0 0 0 0 0 
0 0 0 0 0 0 0 0 0 0 0 0 0 0 0 0 0 0 0 0 0 0 0 0 0 0 0 0 0 0 0 0 
0 0 0 0 0 0 0 0 0 0 0 0 0 0 0 0 0 0 0 0 0 0 0 0 0 0 0 0 0 0 0 0 
0 0 0 0 0 0 0 0 0 0 0 0 0 0 0 0 0 0 0 0 0 0 0 0 0 0 0 0 0 0 0 0 
0 0 0 0 0 0 0 0 0 0 0 0 0 0 0 0 0 0 0 0 0 0 0 0 0 0 0 0 0 0 0 0 
0 0 0 0 0 0 0 0 0 0 0 0 0 0 0 0 0 0 0 5 0 0 0 0 0 0 0 0 0 7 0 0 
0 0 0 0 0 0 0 0 0 0 0 0 0 0 0 0 0 0 0 0 0 0 0 0 0 0 0 0 0 0 0 0 
1555